@relation 'AT: cpu-weka.filters.unsupervised.attribute.ReplaceMissingValues-weka.filters.unsupervised.attribute.NominalToBinary-Rfirst-last-weka.filters.unsupervised.attribute.Standardize_principal components'

@attribute -0.454class-0.432MMAX-0.395MMIN-0.378CACH-0.377CHMIN... numeric
@attribute '0.8  MYCT+0.47 CHMAX-0.252MMIN+0.222CHMIN+0.119CACH...' numeric
@attribute '0.54 MYCT+0.521MMIN-0.512CHMAX+0.247MMAX+0.238class...' numeric
@attribute '-0.661CACH+0.466CHMAX-0.401CHMIN+0.378MMAX+0.19 class...' numeric
@attribute '-0.769CHMIN+0.6  CACH+0.14 class+0.137CHMAX-0.099MMIN...' numeric

@data
-4.033072,3.03802,-3.648085,-2.477585,2.868021
-2.30747,-0.543496,0.603775,0.766248,-0.218822
-2.169278,-0.568463,0.531372,0.708306,-0.261419
-2.033906,-0.592921,0.460447,0.651547,-0.303146
-1.127261,-0.798406,0.379107,-0.198559,-0.395952
-2.746397,-0.43427,0.581761,0.304614,0.296555
-4.143394,-0.678073,1.476222,-0.204457,-0.766611
-4.487465,-0.61591,1.656491,-0.060193,-0.660554
-6.079725,-0.749445,2.548831,1.14552,-0.584806
-11.03054,-0.2441,4.148956,0.143872,-1.241208
1.53085,0.259067,0.374406,-0.052521,-0.04018
1.46796,0.372539,0.232455,-0.021453,0.053245
0.100728,-0.557506,-0.308127,-0.706638,0.969539
-0.536023,-0.746808,0.176738,-0.416042,0.945856
1.741904,0.207212,0.002203,-0.121044,-0.024801
0.378077,0.229875,-0.519864,0.778624,-0.229754
1.050445,-0.073322,-0.592684,-0.118782,-0.191882
0.584895,0.220291,-0.973107,0.252792,-0.555674
0.952719,-0.144667,-0.589267,-0.015418,-0.418979
-1.948892,0.900222,-1.35522,-1.478703,1.563825
0.541424,0.083663,-0.748143,0.402876,-0.355486
0.527601,-0.235067,-0.294248,0.168701,-0.456392
-0.08897,0.659299,-1.258457,0.941485,-0.293411
-0.242744,0.513562,-1.197166,0.957523,-0.30025
1.350429,0.223474,-0.064605,0.235652,0.017647
1.406898,0.096968,0.13694,-0.069981,0.066201
1.386076,0.111761,0.085626,0.138355,-0.008431
1.514592,0.085681,0.061567,-0.084303,0.034565
1.248304,0.117669,0.172638,0.072076,0.078783
1.40255,0.126902,0.044638,0.033976,0.047072
-1.603812,0.347198,-1.155006,-2.081974,0.972468
-1.868915,0.395094,-1.01611,-1.970821,1.054185
-0.380513,-0.1306,-0.840465,-0.494364,-0.77638
-0.46794,-0.114804,-0.79466,-0.457707,-0.749431
-1.236366,-0.312948,-0.145184,-0.10173,-0.795732
-1.51674,-0.236389,0.022117,0.01695,-0.707168
1.250162,-0.727263,-0.527529,-0.109628,0.091853
1.087491,-0.750096,-0.424532,-0.022611,0.088979
0.720088,-0.819699,-0.14366,0.143946,0.093588
0.985418,-0.686614,-0.490738,-0.143906,-0.139285
0.810005,-0.707573,-0.391571,-0.003095,-0.137097
0.402561,-0.822593,-0.082456,0.247514,-0.172028
0.355906,-0.798396,-0.084433,0.279632,-0.156343
0.333344,-0.79432,-0.072612,0.289092,-0.149388
0.537918,-0.330695,-0.222636,0.257643,-0.061866
0.685128,-0.304641,-0.307028,0.128657,-0.055361
2.04047,1.562148,1.074369,-0.397598,0.066341
1.894509,1.478868,1.259659,-0.126337,-0.069798
1.242245,0.079275,0.18126,0.125063,0.041739
0.995141,-0.212387,-0.105146,0.168831,0.137316
1.735235,1.163303,1.018025,0.009169,-0.054089
1.969074,1.210698,0.874232,-0.182762,-0.041081
0.371606,-0.508912,0.193642,0.305552,0.270698
1.17019,-0.389195,0.062332,0.154686,-0.047385
1.114574,-0.5981,-0.267508,-0.224522,0.187996
0.724264,-0.632885,-0.048486,0.073654,0.204543
0.94071,-0.263154,0.11141,-0.068911,0.219145
1.834809,1.527087,1.131267,0.026144,-0.046843
1.829168,1.528106,1.134222,0.028509,-0.045104
1.812247,1.531164,1.143088,0.035604,-0.039888
1.823528,1.529125,1.137178,0.030874,-0.043366
1.806606,1.532183,1.146043,0.037969,-0.03815
0.791616,0.010614,-0.877381,-0.136404,-0.717843
-0.407303,0.054647,-0.788684,-0.094647,1.157373
-0.701724,0.002539,-0.619901,0.163325,1.144362
-1.622053,0.248094,-0.626371,-0.741291,2.189814
1.243801,-0.433359,-0.66091,-0.032238,-0.215785
1.195288,-0.389187,-0.595418,0.007026,-0.209788
0.849696,-0.194322,-0.720261,0.320621,-0.153172
0.737515,-0.326314,-0.509348,0.088807,-0.086652
0.414293,-0.33887,-0.54136,0.350163,-0.040411
-0.000579,0.031183,-0.87698,0.770729,0.062012
1.091001,0.077068,-0.732129,0.236382,-0.14065
0.910751,0.526121,-0.455051,0.072158,-0.48326
0.832314,0.547725,-0.459767,-0.015938,-0.387666
0.484169,0.492159,-0.261021,0.281375,-0.397087
1.106499,0.358411,-0.255673,0.425538,0.086265
0.791112,0.356103,-0.153773,0.583934,0.179413
0.995623,0.595597,-0.596105,-0.090406,-0.376362
0.465558,0.104732,-0.443071,0.770454,0.234983
1.448204,0.101391,0.126483,-0.084632,-0.160694
0.423522,1.154718,-1.117528,0.867666,0.177766
-0.577821,1.912015,-1.779458,2.174086,0.52324
1.565897,0.039234,0.175688,-0.093863,-0.056746
1.313589,0.166605,0.086143,-0.068307,-0.259425
1.018932,-0.478718,-0.162969,-0.0262,-0.276205
0.907019,-0.404443,-0.217019,-0.036209,-0.368964
0.858676,-0.264145,-0.390294,0.219571,0.146399
-0.674503,-0.325973,0.280581,0.849314,0.54148
-0.035073,0.410515,-0.996322,0.604572,0.700013
-1.129854,0.292403,-0.379152,1.467175,0.72618
-1.265226,0.31686,-0.308227,1.523934,0.767908
0.895339,-0.270768,-0.409503,0.204199,0.135098
-0.244303,-0.680456,0.125514,0.393121,-0.54806
-1.804388,-0.227664,0.011655,-0.530614,-0.19504
-4.314548,-0.76358,1.784912,-0.232729,-0.723485
-3.872413,-1.02362,2.032004,0.238259,0.17914
-1.93227,-0.786781,0.85524,1.153303,-0.726595
-0.981468,-0.874101,0.539399,0.385138,-0.822578
1.890364,0.545469,0.338665,-0.196922,-0.047313
1.389147,-0.29276,-0.134892,0.000079,-0.032339
0.990343,-0.482054,-0.331303,-0.061153,0.234602
2.373947,2.418016,1.702191,-0.318763,-0.066878
2.312579,2.401189,1.756017,-0.298641,-0.068977
1.848401,0.866031,0.723931,-0.174245,-0.059706
1.422039,0.166464,0.540767,-0.057392,-0.077673
1.071344,0.010512,0.894001,0.047407,-0.134973
2.136319,1.795023,1.328834,-0.26979,-0.067063
2.185969,1.826718,1.263236,-0.263888,-0.054669
1.968919,1.790734,1.391446,-0.22981,-0.006764
1.920388,1.804457,1.386332,-0.290118,0.055806
1.68906,1.861122,1.424361,-0.20043,-0.27938
0.990881,-0.188507,0.007443,-0.163813,-0.149591
1.007803,-0.191564,-0.001423,-0.170907,-0.154806
0.884988,-0.412778,0.075097,0.105622,0.078853
0.447297,-0.412902,0.270614,0.263055,0.206563
0.470943,-0.433364,0.245472,0.252438,0.197937
1.193623,-0.149238,-0.134083,-0.073082,-0.226741
0.624949,-0.95188,-0.123894,0.235031,0.063037
0.379159,-0.836755,-0.202305,0.025239,-0.024402
-0.2557,-0.799247,-0.023984,0.251133,-0.471934
-0.572269,-0.712322,-0.041371,-0.10007,-0.088691
2.784854,3.585955,2.613252,-0.387804,0.034023
2.73113,3.582499,2.643215,-0.348463,0.037613
2.087486,1.432156,1.195043,-0.176909,0.048681
0.942544,-0.756341,-0.352498,-0.006813,-0.276744
0.670069,-0.749854,-0.263559,0.013383,-0.149417
0.74958,-0.809259,-0.185532,0.144137,0.085802
0.266675,-0.807495,-0.040162,0.158514,0.321331
0.238473,-0.802399,-0.025386,0.170339,0.330025
-0.804662,-1.021118,0.718907,-0.154514,0.601891
1.028937,-0.601888,-0.284243,0.168048,-0.155253
0.777234,-0.526682,-0.335615,-0.210352,0.207995
0.705045,-0.49112,-0.357636,-0.262131,0.100383
0.210277,-0.609452,-0.302882,0.385606,-0.050801
-0.092656,-0.472296,-0.415318,0.024515,-0.204184
-0.123679,-0.466691,-0.399064,0.037523,-0.194621
-0.662787,2.017773,-2.899606,1.883521,-0.160904
0.789681,-0.643425,-0.022576,-0.06253,0.182144
1.069845,-0.627198,-0.122573,0.060149,-0.016361
0.547438,-0.60701,-0.155748,-0.249145,0.445013
0.553079,-0.608029,-0.158703,-0.25151,0.443274
0.842032,-0.69492,-0.096306,0.191929,0.020933
0.171758,-0.885966,0.296646,0.253629,0.148541
-0.047319,-0.875136,0.251003,0.020754,0.402498
-0.354684,-0.491687,-0.286731,-0.689186,0.474795
-0.611752,-0.611904,0.010186,-0.690906,0.440518
-0.697255,-0.597301,-0.023363,-0.631346,0.466806
-1.010125,-0.307371,-0.141381,-0.667871,0.187367
0.254981,-0.494618,-0.283421,-0.191823,-0.307343
-1.348496,-0.722817,0.523074,-0.104254,-0.324814
-2.51551,-0.556794,0.707867,0.109317,0.218699
-2.782351,-0.524775,0.834919,0.220497,0.299613
-5.129019,-0.372149,1.54222,-1.079588,0.302982
-1.331154,-0.345883,0.013092,0.34359,-0.194315
-2.655525,-0.537974,0.776124,0.167742,0.261322
-6.225816,-0.167477,1.33051,-3.302289,2.152022
1.400945,-0.592158,-0.34857,-0.047022,-0.048662
1.301717,-0.646523,-0.419023,0.03258,-0.035931
1.188491,-0.743057,-0.427484,0.109753,-0.034464
0.976238,-0.78283,-0.284373,0.20274,-0.04913
0.894172,-0.794329,-0.237745,0.270781,-0.049775
0.662486,-0.919131,0.045874,0.258418,-0.091876
0.492713,-0.941109,0.142086,0.396864,-0.091427
0.334222,-0.965125,0.232388,0.53058,-0.094455
-0.836357,0.049249,-0.990812,-0.690239,-1.170457
-1.019673,0.082368,-0.894768,-0.613377,-1.113951
-1.003247,-0.968251,0.543494,-0.666812,0.458135
-2.304479,-0.719539,0.506788,-1.922443,1.898117
-2.478839,0.359614,-0.848728,-1.802789,0.374713
1.422029,-0.355718,-0.080509,-0.0518,-0.04719
1.308698,-0.330033,-0.070341,0.054463,-0.035589
0.41991,-0.210389,-0.031379,-0.83831,0.892804
1.379585,-0.092969,-0.098799,0.096154,-0.012448
1.143278,0.017284,-0.154519,-0.050904,-0.329199
0.795673,-0.169085,0.234449,0.508442,-0.002598
1.290454,-0.397348,-0.244081,0.055443,0.012138
1.209449,-0.264043,-0.404219,-0.070645,-0.192767
1.047058,-0.244695,-0.360573,0.122805,0.142618
0.763302,-0.23617,-0.265724,0.14773,0.273422
0.38718,-0.247495,-0.08329,-0.084501,0.521738
1.511211,-0.162803,-0.154115,-0.222426,0.073219
1.434683,-0.130604,-0.165045,-0.14841,0.086446
0.90665,-0.530318,-0.307335,-0.120236,-0.153132
0.459225,-0.272194,-0.52126,-0.206,-0.325094
0.451271,-0.373658,-0.340934,-0.030056,-0.091465
-0.421374,-0.671293,0.088525,0.00567,0.133891
0.061571,-0.695372,0.043388,0.008059,-0.508881
-0.330373,-0.567377,-0.068247,-0.262857,-0.100132
-1.879416,-0.30951,0.154635,-0.751955,-0.284215
-1.540047,-0.838844,0.602253,0.10862,-0.373281
-2.565054,-0.629238,0.670113,-0.300517,-0.299664
-4.472029,0.3171,0.039733,-1.575088,-0.487583
0.043818,-0.001335,-0.651299,-0.086543,0.11591
-0.978833,-0.365116,-0.186176,0.790698,-0.125512
-2.905888,0.873139,-1.243571,-0.199693,-1.809213
-5.884259,2.89597,-3.101557,-1.721637,-3.438023
-6.341566,2.81193,-2.699729,-1.6394,-3.410578
-7.968128,2.501174,-0.902399,3.86745,1.541361
-8.928887,2.714393,-0.643359,3.625034,2.218392
1.429132,-0.370822,-0.217894,0.029009,-0.03748
1.398056,-0.38604,-0.181333,0.02835,-0.042091
1.41221,-0.367765,-0.209028,0.036103,-0.032265
1.378314,-0.382474,-0.17099,0.036628,-0.036006
1.007127,-0.511219,-0.204602,0.287724,-0.009636
0.618882,-0.463103,-0.371675,-0.280437,0.3541
0.745955,-0.426998,-0.202467,0.335913,-0.107661
1.170505,0.543649,0.605096,-0.367715,0.563287
1.628111,0.433319,0.641993,-0.008317,0.065534